# name: debug
# type: sparse matrix
# nnz: 4272
# rows: 348
# columns: 348

1 1 1
2 1 3.46944695e-18
3 1 -3.98010618e-16
4 1 0.992486176
5 1 -1
6 1 -3.46944695e-18
7 1 3.98010618e-16
8 1 0
1 2 3.46944695e-18
2 2 1
3 2 -1.00864683e-17
4 2 1.16840126
5 2 -3.46944695e-18
6 2 -1
7 2 1.00864683e-17
8 2 0
1 3 -3.98010618e-16
2 3 -1.00864683e-17
3 3 1
4 3 6.23570996
5 3 3.98010618e-16
6 3 1.00864683e-17
7 3 -1
8 3 0
1 4 0.992486176
2 4 1.16840126
3 4 6.23570996
4 4 28.4410742
5 4 0.00751382403
6 4 -0.168401257
7 4 -5.23570996
8 4 -1
1 5 -1
2 5 -3.46944695e-18
3 5 3.98010618e-16
4 5 0.00751382403
5 5 2
6 5 1.6956922e-16
7 5 -2.59232739e-16
8 5 -0.3015521
9 5 -1
10 5 -1.66099773e-16
11 5 -1.38777878e-16
12 5 0
1 6 -3.46944695e-18
2 6 -1
3 6 1.00864683e-17
4 6 -0.168401257
5 6 1.6956922e-16
6 6 2
7 6 -9.65854729e-17
8 6 -0.187794457
9 6 -1.66099773e-16
10 6 -1
11 6 8.64990046e-17
12 6 0
1 7 3.98010618e-16
2 7 1.00864683e-17
3 7 -1
4 7 -5.23570996
5 7 -2.59232739e-16
6 7 -9.65854729e-17
7 7 2
8 7 -5.03465688
9 7 -1.38777878e-16
10 7 8.64990046e-17
11 7 -1
12 7 0
1 8 0
2 8 0
3 8 0
4 8 -1
5 8 -0.3015521
6 8 -0.187794457
7 8 -5.03465688
8 8 27.4739703
9 8 0.3015521
10 8 0.187794457
11 8 5.03465688
12 8 -1
5 9 -1
6 9 -1.66099773e-16
7 9 -1.38777878e-16
8 9 0.3015521
9 9 3
10 9 1.66099773e-16
11 9 1.38777878e-16
12 9 -28.9925
13 9 -1
14 9 0
15 9 4.94065646e-324
16 9 0
285 9 -1
286 9 0
287 9 0
288 9 0
5 10 -1.66099773e-16
6 10 -1
7 10 8.64990046e-17
8 10 0.187794457
9 10 1.66099773e-16
10 10 3
11 10 -8.64990046e-17
12 10 -107.242398
13 10 0
14 10 -1
15 10 0
16 10 0
285 10 0
286 10 -1
287 10 0
288 10 0
5 11 -1.38777878e-16
6 11 8.64990046e-17
7 11 -1
8 11 5.03465688
9 11 1.38777878e-16
10 11 -8.64990046e-17
11 11 3
12 11 -4.76384788e-308
13 11 4.94065646e-324
14 11 0
15 11 -1
16 11 0
285 11 0
286 11 0
287 11 -1
288 11 0
5 12 0
6 12 0
7 12 0
8 12 -1
9 12 -28.9925
10 12 -107.242398
11 12 -4.76384788e-308
12 12 12042.8884
13 12 5.3134
14 12 0.233511
15 12 -2.37418363e-309
16 12 -1
285 12 23.6791
286 12 107.008887
287 12 5.00126624e-308
288 12 -1
9 13 -1
10 13 0
11 13 4.94065646e-324
12 13 5.3134
13 13 3
14 13 0
15 13 -4.94065646e-324
16 13 -22.5666
17 13 -1
18 13 0
19 13 0
20 13 0
289 13 -1
290 13 0
291 13 0
292 13 0
9 14 0
10 14 -1
11 14 0
12 14 0.233511
13 14 0
14 14 3
15 14 -4.94065646e-324
16 14 -112.101303
17 14 0
18 14 -1
19 14 0
20 14 0
289 14 0
290 14 -1
291 14 4.94065646e-324
292 14 0
9 15 4.94065646e-324
10 15 0
11 15 -1
12 15 -2.37418363e-309
13 15 -4.94065646e-324
14 15 -4.94065646e-324
15 15 3
16 15 8.21401425e-309
17 15 0
18 15 0
19 15 -1
20 15 0
289 15 0
290 15 4.94065646e-324
291 15 -1
292 15 0
9 16 0
10 16 0
11 16 0
12 16 -1
13 16 -22.5666
14 16 -112.101303
15 16 8.21401425e-309
16 16 12847.5895
17 16 4.9916
18 16 0.249927
19 16 -4.94065646e-321
20 16 -1
289 16 17.575
290 16 111.851376
291 16 -8.21401425e-309
292 16 -1
13 17 -1
14 17 0
15 17 0
16 17 4.9916
17 17 2
18 17 -2.54058189e-16
19 17 3.19020585e-18
20 17 4.17350541
21 17 -1
22 17 2.54058189e-16
23 17 -3.19020585e-18
24 17 0
13 18 0
14 18 -1
15 18 0
16 18 0.249927
17 18 -2.54058189e-16
18 18 2
19 18 5.55111512e-17
20 18 0.123681164
21 18 2.54058189e-16
22 18 -1
23 18 -5.55111512e-17
24 18 0
13 19 0
14 19 0
15 19 -1
16 19 -4.94065646e-321
17 19 3.19020585e-18
18 19 5.55111512e-17
19 19 2
20 19 0.0733953291
21 19 -3.19020585e-18
22 19 -5.55111512e-17
23 19 -1
24 19 0
13 20 0
14 20 0
15 20 0
16 20 -1
17 20 4.17350541
18 20 0.123681164
19 20 0.0733953291
20 20 19.4388313
21 20 -4.17350541
22 20 -0.123681164
23 20 -0.0733953291
24 20 -1
17 21 -1
18 21 2.54058189e-16
19 21 -3.19020585e-18
20 21 -4.17350541
21 21 2
22 21 -2.54058189e-16
23 21 3.19020585e-18
24 21 -5.0198
25 21 -1
26 21 0
27 21 4.94065646e-324
28 21 0
17 22 2.54058189e-16
18 22 -1
19 22 -5.55111512e-17
20 22 -0.123681164
21 22 -2.54058189e-16
22 22 2
23 22 5.55111512e-17
24 22 0.313465
25 22 0
26 22 -1
27 22 0
28 22 0
17 23 -3.19020585e-18
18 23 -5.55111512e-17
19 23 -1
20 23 -0.0733953291
21 23 3.19020585e-18
22 23 5.55111512e-17
23 23 2
24 23 2.49260375e-309
25 23 4.94065646e-324
26 23 0
27 23 -1
28 23 0
17 24 0
18 24 0
19 24 0
20 24 -1
21 24 -5.0198
22 24 0.313465
23 24 2.49260375e-309
24 24 27.2966523
25 24 5.0198
26 24 -0.313465
27 24 -2.49260375e-309
28 24 -1
21 25 -1
22 25 0
23 25 4.94065646e-324
24 25 5.0198
25 25 2
26 25 0
27 25 -4.94065646e-324
28 25 -5.0826
29 25 -1
30 25 0
31 25 0
32 25 0
21 26 0
22 26 -1
23 26 0
24 26 -0.313465
25 26 0
26 26 2
27 26 0
28 26 1.271392
29 26 0
30 26 -1
31 26 0
32 26 0
21 27 4.94065646e-324
22 27 0
23 27 -1
24 27 -2.49260375e-309
25 27 -4.94065646e-324
26 27 0
27 27 2
28 27 2.3754509e-309
29 27 0
30 27 0
31 27 -1
32 27 0
21 28 0
22 28 0
23 28 0
24 28 -1
25 28 -5.0826
26 28 1.271392
27 28 2.3754509e-309
28 28 29.4492604
29 28 5.0826
30 28 -1.271392
31 28 -2.3754509e-309
32 28 -1
25 29 -1
26 29 0
27 29 0
28 29 5.0826
29 29 2
30 29 0
31 29 0
32 29 -4.3866
33 29 -1
34 29 0
35 29 0
36 29 0
25 30 0
26 30 -1
27 30 0
28 30 -1.271392
29 30 0
30 30 2
31 30 -4.94065646e-324
32 30 2.690833
33 30 0
34 30 -1
35 30 4.94065646e-324
36 30 0
25 31 0
26 31 0
27 31 -1
28 31 -2.3754509e-309
29 31 0
30 31 -4.94065646e-324
31 31 2
32 31 2.05016196e-309
33 31 0
34 31 4.94065646e-324
35 31 -1
36 31 0
25 32 0
26 32 0
27 32 0
28 32 -1
29 32 -4.3866
30 32 2.690833
31 32 2.05016196e-309
32 32 28.4828418
33 32 4.3866
34 32 -2.690833
35 32 -2.05016196e-309
36 32 -1
29 33 -1
30 33 0
31 33 0
32 33 4.3866
33 33 2
34 33 0
35 33 0
36 33 -3.4685
37 33 -1
38 33 0
39 33 0
40 33 0
29 34 0
30 34 -1
31 34 4.94065646e-324
32 34 -2.690833
33 34 0
34 34 2
35 34 -4.94065646e-324
36 34 3.41542
37 34 0
38 34 -1
39 34 0
40 34 0
29 35 0
30 35 4.94065646e-324
31 35 -1
32 35 -2.05016196e-309
33 35 0
34 35 -4.94065646e-324
35 35 2
36 35 4.27602906e-312
37 35 0
38 35 0
39 35 -1
40 35 0
29 36 0
30 36 0
31 36 0
32 36 -1
33 36 -3.4685
34 36 3.41542
35 36 4.27602906e-312
36 36 25.695586
37 36 3.4685
38 36 -3.41542
39 36 -4.27602906e-312
40 36 -1
33 37 -1
34 37 0
35 37 0
36 37 3.4685
37 37 2
38 37 0
39 37 4.94065646e-324
40 37 -3.7793
41 37 -1
42 37 0
43 37 -4.94065646e-324
44 37 0
33 38 0
34 38 -1
35 38 0
36 38 -3.41542
37 38 0
38 38 2
39 38 0
40 38 3.55016
41 38 0
42 38 -1
43 38 0
44 38 0
33 39 0
34 39 0
35 39 -1
36 39 -4.27602906e-312
37 39 4.94065646e-324
38 39 0
39 39 2
40 39 1.76632863e-309
41 39 -4.94065646e-324
42 39 0
43 39 -1
44 39 0
33 40 0
34 40 0
35 40 0
36 40 -1
37 40 -3.7793
38 40 3.55016
39 40 1.76632863e-309
40 40 28.8867445
41 40 3.7793
42 40 -3.55016
43 40 -1.76632863e-309
44 40 -1
37 41 -1
38 41 0
39 41 -4.94065646e-324
40 41 3.7793
41 41 3
42 41 0
43 41 4.94065646e-324
44 41 1.4866
45 41 -1
46 41 0
47 41 0
48 41 0
317 41 -1
318 41 0
319 41 0
320 41 0
37 42 0
38 42 -1
39 42 0
40 42 -3.55016
41 42 0
42 42 3
43 42 9.88131292e-324
44 42 -153.572
45 42 0
46 42 -1
47 42 -9.88131292e-324
48 42 0
317 42 0
318 42 -1
319 42 0
320 42 0
37 43 -4.94065646e-324
38 43 0
39 43 -1
40 43 -1.76632863e-309
41 43 4.94065646e-324
42 43 9.88131292e-324
43 43 3
44 43 2.15854483e-309
45 43 0
46 43 -9.88131292e-324
47 43 -1
48 43 0
317 43 0
318 43 0
319 43 -1
320 43 0
37 44 0
38 44 0
39 44 0
40 44 -1
41 44 1.4866
42 44 -153.572
43 44 2.15854483e-309
44 44 24308.9053
45 44 4.6185
46 44 -2.1289
47 44 -2.15854483e-309
48 44 -1
317 44 -6.1051
318 44 155.7009
319 44 1.13536285e-320
320 44 -1
41 45 -1
42 45 0
43 45 0
44 45 4.6185
45 45 3
46 45 0
47 45 -4.94065646e-324
48 45 4.599
49 45 -1
50 45 0
51 45 0
52 45 0
321 45 -1
322 45 0
323 45 4.94065646e-324
324 45 0
41 46 0
42 46 -1
43 46 -9.88131292e-324
44 46 -2.1289
45 46 0
46 46 3
47 46 1.97626258e-323
48 46 -162.3232
49 46 0
50 46 -1
51 46 0
52 46 0
321 46 0
322 46 -1
323 46 -9.88131292e-324
324 46 0
41 47 0
42 47 -9.88131292e-324
43 47 -1
44 47 -2.15854483e-309
45 47 -4.94065646e-324
46 47 1.97626258e-323
47 47 3
48 47 -1.19153653e-307
49 47 0
50 47 0
51 47 -1
52 47 0
321 47 4.94065646e-324
322 47 -9.88131292e-324
323 47 -1
324 47 0
41 48 0
42 48 0
43 48 0
44 48 -1
45 48 4.599
46 48 -162.3232
47 48 -1.19153653e-307
48 48 26622.4197
49 48 5.0748
50 48 -0.4646
51 48 -1.07687046e-313
52 48 -1
321 48 -9.6738
322 48 162.7878
323 48 1.1915376e-307
324 48 -1
45 49 -1
46 49 0
47 49 0
48 49 5.0748
49 49 2
50 49 0
51 49 4.94065646e-324
52 49 -4.9157
53 49 -1
54 49 0
55 49 -4.94065646e-324
56 49 0
45 50 0
46 50 -1
47 50 0
48 50 -0.4646
49 50 0
50 50 2
51 50 0
52 50 -0.1719
53 50 0
54 50 -1
55 50 0
56 50 0
45 51 0
46 51 0
47 51 -1
48 51 -1.07687046e-313
49 51 4.94065646e-324
50 51 0
51 51 2
52 51 3.31591178e-309
53 51 -4.94065646e-324
54 51 0
55 51 -1
56 51 0
45 52 0
46 52 0
47 52 0
48 52 -1
49 52 -4.9157
50 52 -0.1719
51 52 3.31591178e-309
52 52 26.1936561
53 52 4.9157
54 52 0.1719
55 52 -3.31591178e-309
56 52 -1
49 53 -1
50 53 0
51 53 -4.94065646e-324
52 53 4.9157
53 53 2
54 53 0
55 53 4.94065646e-324
56 53 -4.9909
57 53 -1
58 53 0
59 53 0
60 53 0
49 54 0
50 54 -1
51 54 0
52 54 0.1719
53 54 0
54 54 2
55 54 0
56 54 -0.4184
57 54 0
58 54 -1
59 54 0
60 54 0
49 55 -4.94065646e-324
50 55 0
51 55 -1
52 55 -3.31591178e-309
53 55 4.94065646e-324
54 55 0
55 55 2
56 55 -2.8907226e-310
57 55 0
58 55 0
59 55 -1
60 55 0
49 56 0
50 56 0
51 56 0
52 56 -1
53 56 -4.9909
54 56 -0.4184
55 56 -2.8907226e-310
56 56 27.0841414
57 56 4.9909
58 56 0.4184
59 56 2.8907226e-310
60 56 -1
53 57 -1
54 57 0
55 57 0
56 57 4.9909
57 57 2
58 57 0
59 57 0
60 57 -5.1216
61 57 -1
62 57 0
63 57 0
64 57 0
53 58 0
54 58 -1
55 58 0
56 58 0.4184
57 58 0
58 58 2
59 58 0
60 58 -0.5832
61 58 0
62 58 -1
63 58 0
64 58 0
53 59 0
54 59 0
55 59 -1
56 59 2.8907226e-310
57 59 0
58 59 0
59 59 2
60 59 0
61 59 0
62 59 0
63 59 -1
64 59 0
53 60 0
54 60 0
55 60 0
56 60 -1
57 60 -5.1216
58 60 -0.5832
59 60 0
60 60 28.5709088
61 60 5.1216
62 60 0.5832
63 60 0
64 60 -1
57 61 -1
58 61 0
59 61 0
60 61 5.1216
61 61 3
62 61 0
63 61 4.94065646e-324
64 61 28.2907
65 61 -1
66 61 0
67 61 0
68 61 0
337 61 -1
338 61 0
339 61 -4.94065646e-324
340 61 0
57 62 0
58 62 -1
59 62 0
60 62 0.5832
61 62 0
62 62 3
63 62 -4.94065646e-324
64 62 -182.8379
65 62 0
66 62 -1
67 62 0
68 62 0
337 62 0
338 62 -1
339 62 4.94065646e-324
340 62 0
57 63 0
58 63 0
59 63 -1
60 63 0
61 63 4.94065646e-324
62 63 -4.94065646e-324
63 63 3
64 63 -1.27294411e-311
65 63 0
66 63 0
67 63 -1
68 63 0
337 63 -4.94065646e-324
338 63 4.94065646e-324
339 63 -1
340 63 0
57 64 0
58 64 0
59 64 0
60 64 -1
61 64 28.2907
62 64 -182.8379
63 64 -1.27294411e-311
64 64 34291.6069
65 64 5.036
66 64 0.761
67 64 0
68 64 -1
337 64 -33.3267
338 64 182.0769
339 64 1.27294411e-311
340 64 -1
61 65 -1
62 65 0
63 65 0
64 65 5.036
65 65 2
66 65 0
67 65 -5.53353523e-322
68 65 -4.9702
69 65 -1
70 65 0
71 65 5.53353523e-322
72 65 0
61 66 0
62 66 -1
63 66 0
64 66 0.761
65 66 0
66 66 2
67 66 6.32404027e-322
68 66 -0.7324
69 66 0
70 66 -1
71 66 -6.32404027e-322
72 66 0
61 67 0
62 67 0
63 67 -1
64 67 0
65 67 -5.53353523e-322
66 67 6.32404027e-322
67 67 2
68 67 -1.65878353e-306
69 67 5.53353523e-322
70 67 -6.32404027e-322
71 67 -1
72 67 0
61 68 0
62 68 0
63 68 0
64 68 -1
65 68 -4.9702
66 68 -0.7324
67 68 -1.65878353e-306
68 68 27.2392978
69 68 4.9702
70 68 0.7324
71 68 1.65878353e-306
72 68 -1
65 69 -1
66 69 0
67 69 5.53353523e-322
68 69 4.9702
69 69 2
70 69 0
71 69 -5.53353523e-322
72 69 -5.3144
73 69 -1
74 69 0
75 69 0
76 69 0
65 70 0
66 70 -1
67 70 -6.32404027e-322
68 70 0.7324
69 70 0
70 70 2
71 70 6.32404027e-322
72 70 -0.54487
73 70 0
74 70 -1
75 70 0
76 70 0
65 71 5.53353523e-322
66 71 -6.32404027e-322
67 71 -1
68 71 1.65878353e-306
69 71 -5.53353523e-322
70 71 6.32404027e-322
71 71 2
72 71 0
73 71 0
74 71 0
75 71 -1
76 71 0
65 72 0
66 72 0
67 72 0
68 72 -1
69 72 -5.3144
70 72 -0.54487
71 72 0
72 72 30.5397307
73 72 5.3144
74 72 0.54487
75 72 0
76 72 -1
69 73 -1
70 73 0
71 73 0
72 73 5.3144
73 73 2
74 73 0
75 73 -4.94065646e-324
76 73 -4.8733
77 73 -1
78 73 0
79 73 4.94065646e-324
80 73 0
69 74 0
70 74 -1
71 74 0
72 74 0.54487
73 74 0
74 74 2
75 74 0
76 74 -0.49813
77 74 0
78 74 -1
79 74 0
80 74 0
69 75 0
70 75 0
71 75 -1
72 75 0
73 75 -4.94065646e-324
74 75 0
75 75 2
76 75 2.27763058e-309
77 75 4.94065646e-324
78 75 0
79 75 -1
80 75 0
69 76 0
70 76 0
71 76 0
72 76 -1
73 76 -4.8733
74 76 -0.49813
75 76 2.27763058e-309
76 76 25.9971864
77 76 4.8733
78 76 0.49813
79 76 -2.27763058e-309
80 76 -1
73 77 -1
74 77 0
75 77 4.94065646e-324
76 77 4.8733
77 77 2
78 77 0
79 77 -9.88131292e-324
80 77 -4.7575
81 77 -1
82 77 0
83 77 4.94065646e-324
84 77 0
73 78 0
74 78 -1
75 78 0
76 78 0.49813
77 78 0
78 78 2
79 78 0
80 78 -1.79114
81 78 0
82 78 -1
83 78 0
84 78 0
73 79 4.94065646e-324
74 79 0
75 79 -1
76 79 -2.27763058e-309
77 79 -9.88131292e-324
78 79 0
79 79 2
80 79 2.22350885e-309
81 79 4.94065646e-324
82 79 0
83 79 -1
84 79 0
73 80 0
74 80 0
75 80 0
76 80 -1
77 80 -4.7575
78 80 -1.79114
79 80 2.22350885e-309
80 80 27.8419887
81 80 4.7575
82 80 1.79114
83 80 -2.22350885e-309
84 80 -1
77 81 -1
78 81 0
79 81 4.94065646e-324
80 81 4.7575
81 81 2
82 81 0
83 81 -4.94065646e-324
84 81 -3.808
85 81 -1
86 81 0
87 81 0
88 81 0
77 82 0
78 82 -1
79 82 0
80 82 1.79114
81 82 0
82 82 2
83 82 0
84 82 -3.56519
85 82 0
86 82 -1
87 82 0
88 82 0
77 83 4.94065646e-324
78 83 0
79 83 -1
80 83 -2.22350885e-309
81 83 -4.94065646e-324
82 83 0
83 83 2
84 83 0
85 83 0
86 83 0
87 83 -1
88 83 0
77 84 0
78 84 0
79 84 0
80 84 -1
81 84 -3.808
82 84 -3.56519
83 84 0
84 84 29.2114437
85 84 3.808
86 84 3.56519
87 84 0
88 84 -1
81 85 -1
82 85 0
83 85 0
84 85 3.808
85 85 2
86 85 0
87 85 0
88 85 -2.468
89 85 -1
90 85 0
91 85 0
92 85 0
81 86 0
82 86 -1
83 86 0
84 86 3.56519
85 86 0
86 86 2
87 86 0
88 86 -4.220262
89 86 0
90 86 -1
91 86 0
92 86 0
81 87 0
82 87 0
83 87 -1
84 87 0
85 87 0
86 87 0
87 87 2
88 87 1.15346729e-309
89 87 0
90 87 0
91 87 -1
92 87 0
81 88 0
82 88 0
83 88 0
84 88 -1
85 88 -2.468
86 88 -4.220262
87 88 1.15346729e-309
88 88 25.9016353
89 88 2.468
90 88 4.220262
91 88 -1.15346729e-309
92 88 -1
85 89 -1
86 89 0
87 89 0
88 89 2.468
89 89 2
90 89 0
91 89 9.88131292e-324
92 89 -2.128
93 89 -1
94 89 0
95 89 -9.88131292e-324
96 89 0
85 90 0
86 90 -1
87 90 0
88 90 4.220262
89 90 0
90 90 2
91 90 4.94065646e-324
92 90 -4.647968
93 90 0
94 90 -1
95 90 -4.94065646e-324
96 90 0
85 91 0
86 91 0
87 91 -1
88 91 -1.15346729e-309
89 91 9.88131292e-324
90 91 4.94065646e-324
91 91 2
92 91 -5.07055212e-310
93 91 -9.88131292e-324
94 91 -4.94065646e-324
95 91 -1
96 91 0
85 92 0
86 92 0
87 92 0
88 92 -1
89 92 -2.128
90 92 -4.647968
91 92 -5.07055212e-310
92 92 28.1319905
93 92 2.128
94 92 4.647968
95 92 5.07055212e-310
96 92 -1
89 93 -1
90 93 0
91 93 -9.88131292e-324
92 93 2.128
93 93 2
94 93 0
95 93 1.48219694e-323
96 93 -2.244
97 93 -1
98 93 0
99 93 -4.94065646e-324
100 93 0
89 94 0
90 94 -1
91 94 -4.94065646e-324
92 94 4.647968
93 94 0
94 94 2
95 94 4.94065646e-324
96 94 -4.66077
97 94 0
98 94 -1
99 94 0
100 94 0
89 95 -9.88131292e-324
90 95 -4.94065646e-324
91 95 -1
92 95 5.07055212e-310
93 95 1.48219694e-323
94 95 4.94065646e-324
95 95 2
96 95 1.04877659e-309
97 95 -4.94065646e-324
98 95 0
99 95 -1
100 95 0
89 96 0
90 96 0
91 96 0
92 96 -1
93 96 -2.244
94 96 -4.66077
95 96 1.04877659e-309
96 96 28.758313
97 96 2.244
98 96 4.66077
99 96 -1.04877659e-309
100 96 -1
93 97 -1
94 97 0
95 97 -4.94065646e-324
96 97 2.244
97 97 2
98 97 0
99 97 4.94065646e-324
100 97 -2.56
101 97 -1
102 97 0
103 97 0
104 97 0
93 98 0
94 98 -1
95 98 0
96 98 4.66077
97 98 0
98 98 2
99 98 4.94065646e-324
100 98 -4.48287
101 98 0
102 98 -1
103 98 -4.94065646e-324
104 98 0
93 99 -4.94065646e-324
94 99 0
95 99 -1
96 99 -1.04877659e-309
97 99 4.94065646e-324
98 99 4.94065646e-324
99 99 2
100 99 -2.09515555e-309
101 99 0
102 99 -4.94065646e-324
103 99 -1
104 99 0
93 100 0
94 100 0
95 100 0
96 100 -1
97 100 -2.56
98 100 -4.48287
99 100 -2.09515555e-309
100 100 28.6497234
101 100 2.56
102 100 4.48287
103 100 2.09515555e-309
104 100 -1
97 101 -1
98 101 0
99 101 0
100 101 2.56
101 101 2
102 101 0
103 101 -4.94065646e-324
104 101 -2.494
105 101 -1
106 101 0
107 101 4.94065646e-324
108 101 0
97 102 0
98 102 -1
99 102 -4.94065646e-324
100 102 4.48287
101 102 0
102 102 2
103 102 4.94065646e-324
104 102 -4.4578
105 102 0
106 102 -1
107 102 0
108 102 0
97 103 0
98 103 -4.94065646e-324
99 103 -1
100 103 2.09515555e-309
101 103 -4.94065646e-324
102 103 4.94065646e-324
103 103 2
104 103 -2.08344008e-309
105 103 4.94065646e-324
106 103 0
107 103 -1
108 103 0
97 104 0
98 104 0
99 104 0
100 104 -1
101 104 -2.494
102 104 -4.4578
103 104 -2.08344008e-309
104 104 28.0920168
105 104 2.494
106 104 4.4578
107 104 2.08344008e-309
108 104 -1
101 105 -1
102 105 0
103 105 4.94065646e-324
104 105 2.494
105 105 2
106 105 0
107 105 -4.94065646e-324
108 105 -2.231
109 105 -1
110 105 0
111 105 0
112 105 0
101 106 0
102 106 -1
103 106 0
104 106 4.4578
105 106 0
106 106 2
107 106 0
108 106 -4.8586
109 106 0
110 106 -1
111 106 0
112 106 0
101 107 4.94065646e-324
102 107 0
103 107 -1
104 107 2.08344008e-309
105 107 -4.94065646e-324
106 107 0
107 107 2
108 107 -1.03099282e-313
109 107 0
110 107 0
111 107 -1
112 107 0
101 108 0
102 108 0
103 108 0
104 108 -1
105 108 -2.231
106 108 -4.8586
107 108 -1.03099282e-313
108 108 30.583355
109 108 2.231
110 108 4.8586
111 108 1.03099282e-313
112 108 -1
105 109 -1
106 109 0
107 109 0
108 109 2.231
109 109 2
110 109 -9.05086518e-188
111 109 1.7859178e-102
112 109 -0.93
113 109 -1
114 109 9.05086518e-188
115 109 -1.7859178e-102
116 109 0
105 110 0
106 110 -1
107 110 0
108 110 4.8586
109 110 -9.05086518e-188
110 110 2
111 110 -7.1436712e-102
112 110 -4.9096
113 110 9.05086518e-188
114 110 -1
115 110 7.1436712e-102
116 110 0
105 111 0
106 111 0
107 111 -1
108 111 1.03099282e-313
109 111 1.7859178e-102
110 111 -7.1436712e-102
111 111 2
112 111 -2.48813958e-85
113 111 -1.7859178e-102
114 111 7.1436712e-102
115 111 -1
116 111 0
105 112 0
106 112 0
107 112 0
108 112 -1
109 112 -0.93
110 112 -4.9096
111 112 -2.48813958e-85
112 112 26.9690722
113 112 0.93
114 112 4.9096
115 112 2.48813958e-85
116 112 -1
109 113 -1
110 113 9.05086518e-188
111 113 -1.7859178e-102
112 113 0.93
113 113 2
114 113 -9.05086518e-188
115 113 1.7859178e-102
116 113 0.119
117 113 -1
118 113 0
119 113 -4.94065646e-324
120 113 0
109 114 9.05086518e-188
110 114 -1
111 114 7.1436712e-102
112 114 4.9096
113 114 -9.05086518e-188
114 114 2
115 114 -7.1436712e-102
116 114 -5.2599
117 114 0
118 114 -1
119 114 0
120 114 0
109 115 -1.7859178e-102
110 115 7.1436712e-102
111 115 -1
112 115 2.48813958e-85
113 115 1.7859178e-102
114 115 -7.1436712e-102
115 115 2
116 115 -5.56169413e-311
117 115 -4.94065646e-324
118 115 0
119 115 -1
120 115 0
109 116 0
110 116 0
111 116 0
112 116 -1
113 116 0.119
114 116 -5.2599
115 116 -5.56169413e-311
116 116 29.680709
117 116 -0.119
118 116 5.2599
119 116 5.56169413e-311
120 116 -1
113 117 -1
114 117 0
115 117 -4.94065646e-324
116 117 -0.119
117 117 2
118 117 0
119 117 0
120 117 1.221
121 117 -1
122 117 0
123 117 4.94065646e-324
124 117 0
113 118 0
114 118 -1
115 118 0
116 118 5.2599
117 118 0
118 118 2
119 118 0
120 118 -4.7942
121 118 0
122 118 -1
123 118 0
124 118 0
113 119 -4.94065646e-324
114 119 0
115 119 -1
116 119 5.56169413e-311
117 119 0
118 119 0
119 119 2
120 119 -9.98012605e-322
121 119 4.94065646e-324
122 119 0
123 119 -1
124 119 0
113 120 0
114 120 0
115 120 0
116 120 -1
117 120 1.221
118 120 -4.7942
119 120 -9.98012605e-322
120 120 26.4751946
121 120 -1.221
122 120 4.7942
123 120 9.98012605e-322
124 120 -1
117 121 -1
118 121 0
119 121 4.94065646e-324
120 121 -1.221
121 121 2
122 121 0
123 121 -4.94065646e-324
124 121 2.293
125 121 -1
126 121 0
127 121 0
128 121 0
117 122 0
118 122 -1
119 122 0
120 122 4.7942
121 122 0
122 122 2
123 122 0
124 122 -4.6419
125 122 0
126 122 -1
127 122 0
128 122 0
117 123 4.94065646e-324
118 123 0
119 123 -1
120 123 9.98012605e-322
121 123 -4.94065646e-324
122 123 0
123 123 2
124 123 -3.24115893e-309
125 123 0
126 123 0
127 123 -1
128 123 0
117 124 0
118 124 0
119 124 0
120 124 -1
121 124 2.293
122 124 -4.6419
123 124 -3.24115893e-309
124 124 28.8050846
125 124 -2.293
126 124 4.6419
127 124 3.24115893e-309
128 124 -1
121 125 -1
122 125 0
123 125 0
124 125 -2.293
125 125 2
126 125 0
127 125 4.94065646e-324
128 125 2.632
129 125 -1
130 125 0
131 125 -4.94065646e-324
132 125 0
121 126 0
122 126 -1
123 126 0
124 126 4.6419
125 126 0
126 126 2
127 126 4.94065646e-324
128 126 -4.164
129 126 0
130 126 -1
131 126 -4.94065646e-324
132 126 0
121 127 0
122 127 0
123 127 -1
124 127 3.24115893e-309
125 127 4.94065646e-324
126 127 4.94065646e-324
127 127 2
128 127 -4.16645559e-320
129 127 -4.94065646e-324
130 127 -4.94065646e-324
131 127 -1
132 127 0
121 128 0
122 128 0
123 128 0
124 128 -1
125 128 2.632
126 128 -4.164
127 128 -4.16645559e-320
128 128 26.26632
129 128 -2.632
130 128 4.164
131 128 4.16645559e-320
132 128 -1
125 129 -1
126 129 0
127 129 -4.94065646e-324
128 129 -2.632
129 129 2
130 129 0
131 129 4.94065646e-324
132 129 2.651
133 129 -1
134 129 0
135 129 0
136 129 0
125 130 0
126 130 -1
127 130 -4.94065646e-324
128 130 4.164
129 130 0
130 130 2
131 130 4.94065646e-324
132 130 -4.3945
133 130 0
134 130 -1
135 130 0
136 130 0
125 131 -4.94065646e-324
126 131 -4.94065646e-324
127 131 -1
128 131 4.16645559e-320
129 131 4.94065646e-324
130 131 4.94065646e-324
131 131 2
132 131 0
133 131 0
134 131 0
135 131 -1
136 131 0
125 132 0
126 132 0
127 132 0
128 132 -1
129 132 2.651
130 132 -4.3945
131 132 0
132 132 28.3394312
133 132 -2.651
134 132 4.3945
135 132 0
136 132 -1
129 133 -1
130 133 0
131 133 0
132 133 -2.651
133 133 2
134 133 0
135 133 0
136 133 2.505
137 133 -1
138 133 0
139 133 0
140 133 0
129 134 0
130 134 -1
131 134 0
132 134 4.3945
133 134 0
134 134 2
135 134 0
136 134 -4.4536
137 134 0
138 134 -1
139 134 0
140 134 0
129 135 0
130 135 0
131 135 -1
132 135 0
133 135 0
134 135 0
135 135 2
136 135 0
137 135 0
138 135 0
139 135 -1
140 135 0
129 136 0
130 136 0
131 136 0
132 136 -1
133 136 2.505
134 136 -4.4536
135 136 0
136 136 28.109578
137 136 -2.505
138 136 4.4536
139 136 0
140 136 -1
133 137 -1
134 137 0
135 137 0
136 137 -2.505
137 137 2
138 137 0
139 137 0
140 137 2.429
141 137 -1
142 137 0
143 137 0
144 137 0
133 138 0
134 138 -1
135 138 0
136 138 4.4536
137 138 0
138 138 2
139 138 0
140 138 -4.4858
141 138 0
142 138 -1
143 138 0
144 138 0
133 139 0
134 139 0
135 139 -1
136 139 0
137 139 0
138 139 0
139 139 2
140 139 -2.0965249e-309
141 139 0
142 139 0
143 139 -1
144 139 0
133 140 0
134 140 0
135 140 0
136 140 -1
137 140 2.429
138 140 -4.4858
139 140 -2.0965249e-309
140 140 28.0224426
141 140 -2.429
142 140 4.4858
143 140 2.0965249e-309
144 140 -1
137 141 -1
138 141 0
139 141 0
140 141 -2.429
141 141 2
142 141 0
143 141 4.94065646e-324
144 141 2.77
145 141 -1
146 141 0
147 141 -4.94065646e-324
148 141 0
137 142 0
138 142 -1
139 142 0
140 142 4.4858
141 142 0
142 142 2
143 142 -4.94065646e-324
144 142 -4.5163
145 142 0
146 142 -1
147 142 4.94065646e-324
148 142 0
137 143 0
138 143 0
139 143 -1
140 143 2.0965249e-309
141 143 4.94065646e-324
142 143 -4.94065646e-324
143 143 2
144 143 -2.93896417e-314
145 143 -4.94065646e-324
146 143 4.94065646e-324
147 143 -1
148 143 0
137 144 0
138 144 0
139 144 0
140 144 -1
141 144 2.77
142 144 -4.5163
143 144 -2.93896417e-314
144 144 30.0698657
145 144 -2.77
146 144 4.5163
147 144 2.93896417e-314
148 144 -1
141 145 -1
142 145 0
143 145 -4.94065646e-324
144 145 -2.77
145 145 2
146 145 0
147 145 4.94065646e-324
148 145 3.135
149 145 -1
150 145 0
151 145 0
152 145 0
141 146 0
142 146 -1
143 146 4.94065646e-324
144 146 4.5163
145 146 0
146 146 2
147 146 -4.94065646e-324
148 146 -3.8186
149 146 0
150 146 -1
151 146 0
152 146 0
141 147 -4.94065646e-324
142 147 4.94065646e-324
143 147 -1
144 147 2.93896417e-314
145 147 4.94065646e-324
146 147 -4.94065646e-324
147 147 2
148 147 0
149 147 0
150 147 0
151 147 -1
152 147 0
141 148 0
142 148 0
143 148 0
144 148 -1
145 148 3.135
146 148 -3.8186
147 148 0
148 148 26.409931
149 148 -3.135
150 148 3.8186
151 148 0
152 148 -1
145 149 -1
146 149 0
147 149 0
148 149 -3.135
149 149 2
150 149 0
151 149 -9.88131292e-324
152 149 4.349
153 149 -1
154 149 0
155 149 9.88131292e-324
156 149 0
145 150 0
146 150 -1
147 150 0
148 150 3.8186
149 150 0
150 150 2
151 150 0
152 150 -3.1021
153 150 0
154 150 -1
155 150 0
156 150 0
145 151 0
146 151 0
147 151 -1
148 151 0
149 151 -9.88131292e-324
150 151 0
151 151 2
152 151 -2.14324278e-309
153 151 9.88131292e-324
154 151 0
155 151 -1
156 151 0
145 152 0
146 152 0
147 152 0
148 152 -1
149 152 4.349
150 152 -3.1021
151 152 -2.14324278e-309
152 152 30.5368254
153 152 -4.349
154 152 3.1021
155 152 2.14324278e-309
156 152 -1
149 153 -1
150 153 0
151 153 9.88131292e-324
152 153 -4.349
153 153 2
154 153 0
155 153 -9.88131292e-324
156 153 4.7159
157 153 -1
158 153 0
159 153 0
160 153 0
149 154 0
150 154 -1
151 154 0
152 154 3.1021
153 154 0
154 154 2
155 154 0
156 154 -1.4516
157 154 0
158 154 -1
159 154 0
160 154 0
149 155 9.88131292e-324
150 155 0
151 155 -1
152 155 2.14324278e-309
153 155 -9.88131292e-324
154 155 0
155 155 2
156 155 0
157 155 0
158 155 0
159 155 -1
160 155 0
149 156 0
150 156 0
151 156 0
152 156 -1
153 156 4.7159
154 156 -1.4516
155 156 0
156 156 26.3468554
157 156 -4.7159
158 156 1.4516
159 156 0
160 156 -1
153 157 -1
154 157 0
155 157 0
156 157 -4.7159
157 157 2
158 157 0
159 157 0
160 157 5.0203
161 157 -1
162 157 0
163 157 0
164 157 0
153 158 0
154 158 -1
155 158 0
156 158 1.4516
157 158 0
158 158 2
159 158 4.94065646e-324
160 158 -0.6209
161 158 0
162 158 -1
163 158 -4.94065646e-324
164 158 0
153 159 0
154 159 0
155 159 -1
156 159 0
157 159 0
158 159 4.94065646e-324
159 159 2
160 159 -2.34633382e-309
161 159 0
162 159 -4.94065646e-324
163 159 -1
164 159 0
153 160 0
154 160 0
155 160 0
156 160 -1
157 160 5.0203
158 160 -0.6209
159 160 -2.34633382e-309
160 160 27.5889289
161 160 -5.0203
162 160 0.6209
163 160 2.34633382e-309
164 160 -1
157 161 -1
158 161 0
159 161 0
160 161 -5.0203
161 161 2
162 161 0
163 161 4.94065646e-324
164 161 5.0188
165 161 -1
166 161 0
167 161 -4.94065646e-324
168 161 0
157 162 0
158 162 -1
159 162 -4.94065646e-324
160 162 0.6209
161 162 0
162 162 2
163 162 4.94065646e-324
164 162 -0.0435
165 162 0
166 162 -1
167 162 0
168 162 0
157 163 0
158 163 -4.94065646e-324
159 163 -1
160 163 2.34633382e-309
161 163 4.94065646e-324
162 163 4.94065646e-324
163 163 2
164 163 -2.34563275e-309
165 163 -4.94065646e-324
166 163 0
167 163 -1
168 163 0
157 164 0
158 164 0
159 164 0
160 164 -1
161 164 5.0188
162 164 -0.0435
163 164 -2.34563275e-309
164 164 27.1902457
165 164 -5.0188
166 164 0.0435
167 164 2.34563275e-309
168 164 -1
161 165 -1
162 165 0
163 165 -4.94065646e-324
164 165 -5.0188
165 165 1
166 165 0
167 165 4.94065646e-324
168 165 0
161 166 0
162 166 -1
163 166 0
164 166 0.0435
165 166 0
166 166 1
167 166 0
168 166 0
161 167 -4.94065646e-324
162 167 0
163 167 -1
164 167 2.34563275e-309
165 167 4.94065646e-324
166 167 0
167 167 1
168 167 0
161 168 0
162 168 0
163 168 0
164 168 -1
165 168 0
166 168 0
167 168 0
168 168 1
169 169 0
170 169 0
171 169 0
172 169 1
173 169 0
174 169 0
175 169 0
176 169 -1
169 170 0
170 170 0
171 170 0
172 170 1
173 170 0
174 170 0
175 170 0
176 170 -1
169 171 0
170 171 0
171 171 0
172 171 1
173 171 0
174 171 0
175 171 0
176 171 -1
169 172 1
170 172 1
171 172 1
172 172 -11.102674
173 172 -1
174 172 -1
175 172 -1
176 172 5.551337
169 173 0
170 173 0
171 173 0
172 173 -1
173 173 1
174 173 0
175 173 0
176 173 -4.18533
177 173 -1
178 173 0
179 173 0
180 173 0
169 174 0
170 174 0
171 174 0
172 174 -1
173 174 0
174 174 1
175 174 0
176 174 0.299267
177 174 0
178 174 -1
179 174 0
180 174 0
169 175 0
170 175 0
171 175 0
172 175 -1
173 175 0
174 175 0
175 175 1
176 175 1
177 175 0
178 175 0
179 175 -1
180 175 0
169 176 -1
170 176 -1
171 176 -1
172 176 5.551337
173 176 -4.18533
174 176 0.299267
175 176 1
176 176 28.3786739
177 176 5.18533
178 176 0.700733
179 176 0
180 176 -1
173 177 -1
174 177 0
175 177 0
176 177 5.18533
177 177 2
178 177 0
179 177 0
180 177 -4.9239
181 177 -1
182 177 0
183 177 0
184 177 0
173 178 0
174 178 -1
175 178 0
176 178 0.700733
177 178 0
178 178 2
179 178 -4.94065646e-324
180 178 -0.83342
181 178 0
182 178 -1
183 178 4.94065646e-324
184 178 0
173 179 0
174 179 0
175 179 -1
176 179 0
177 179 0
178 179 -4.94065646e-324
179 179 2
180 179 5.22424754e-314
181 179 0
182 179 4.94065646e-324
183 179 -1
184 179 0
173 180 0
174 180 0
175 180 0
176 180 -1
177 180 -4.9239
178 180 -0.83342
179 180 5.22424754e-314
180 180 26.9393801
181 180 4.9239
182 180 0.83342
183 180 -5.22424754e-314
184 180 -1
177 181 -1
178 181 0
179 181 0
180 181 4.9239
181 181 2
182 181 0
183 181 9.88131292e-324
184 181 -4.9823
185 181 -1
186 181 0
187 181 -9.88131292e-324
188 181 0
177 182 0
178 182 -1
179 182 4.94065646e-324
180 182 0.83342
181 182 0
182 182 2
183 182 -9.88131292e-324
184 182 -1.04921
185 182 0
186 182 -1
187 182 4.94065646e-324
188 182 0
177 183 0
178 183 4.94065646e-324
179 183 -1
180 183 -5.22424754e-314
181 183 9.88131292e-324
182 183 -9.88131292e-324
183 183 2
184 183 2.71734116e-309
185 183 -9.88131292e-324
186 183 4.94065646e-324
187 183 -1
188 183 0
177 184 0
178 184 0
179 184 0
180 184 -1
181 184 -4.9823
182 184 -1.04921
183 184 2.71734116e-309
184 184 27.9241549
185 184 4.9823
186 184 1.04921
187 184 -2.71734116e-309
188 184 -1
181 185 -1
182 185 0
183 185 -9.88131292e-324
184 185 4.9823
185 185 2
186 185 0
187 185 1.48219694e-323
188 185 -5.0963
189 185 -1
190 185 0
191 185 -4.94065646e-324
192 185 0
181 186 0
182 186 -1
183 186 4.94065646e-324
184 186 1.04921
185 186 0
186 186 2
187 186 -4.94065646e-324
188 186 -1.05645
189 186 0
190 186 -1
191 186 0
192 186 0
181 187 -9.88131292e-324
182 187 4.94065646e-324
183 187 -1
184 187 -2.71734116e-309
185 187 1.48219694e-323
186 187 -4.94065646e-324
187 187 2
188 187 1.65195447e-309
189 187 -4.94065646e-324
190 187 0
191 187 -1
192 187 0
181 188 0
182 188 0
183 188 0
184 188 -1
185 188 -5.0963
186 188 -1.05645
187 188 1.65195447e-309
188 188 29.0883603
189 188 5.0963
190 188 1.05645
191 188 -1.65195447e-309
192 188 -1
185 189 -1
186 189 0
187 189 -4.94065646e-324
188 189 5.0963
189 189 2
190 189 0
191 189 4.94065646e-324
192 189 -4.68
193 189 -1
194 189 0
195 189 0
196 189 0
185 190 0
186 190 -1
187 190 0
188 190 1.05645
189 190 0
190 190 2
191 190 0
192 190 -0.96651
193 190 0
194 190 -1
195 190 0
196 190 0
185 191 -4.94065646e-324
186 191 0
187 191 -1
188 191 -1.65195447e-309
189 191 4.94065646e-324
190 191 0
191 191 2
192 191 0
193 191 0
194 191 0
195 191 -1
196 191 0
185 192 0
186 192 0
187 192 0
188 192 -1
189 192 -4.68
190 192 -0.96651
191 192 0
192 192 24.8365416
193 192 4.68
194 192 0.96651
195 192 0
196 192 -1
189 193 -1
190 193 0
191 193 0
192 193 4.68
193 193 2
194 193 0
195 193 0
196 193 -5.0335
197 193 -1
198 193 0
199 193 0
200 193 0
189 194 0
190 194 -1
191 194 0
192 194 0.96651
193 194 0
194 194 2
195 194 0
196 194 -1.01525
197 194 0
198 194 -1
199 194 0
200 194 0
189 195 0
190 195 0
191 195 -1
192 195 0
193 195 0
194 195 0
195 195 2
196 195 5.34053291e-314
197 195 0
198 195 0
199 195 -1
200 195 0
189 196 0
190 196 0
191 196 0
192 196 -1
193 196 -5.0335
194 196 -1.01525
195 196 5.34053291e-314
196 196 28.3668548
197 196 5.0335
198 196 1.01525
199 196 -5.34053291e-314
200 196 -1
193 197 -1
194 197 0
195 197 0
196 197 5.0335
197 197 2
198 197 0
199 197 0
200 197 -5.0318
201 197 -1
202 197 0
203 197 0
204 197 0
193 198 0
194 198 -1
195 198 0
196 198 1.01525
197 198 0
198 198 2
199 198 0
200 198 -1.35422
201 198 0
202 198 -1
203 198 0
204 198 0
193 199 0
194 199 0
195 199 -1
196 199 -5.34053291e-314
197 199 0
198 199 0
199 199 2
200 199 -9.35574671e-310
201 199 0
202 199 0
203 199 -1
204 199 0
193 200 0
194 200 0
195 200 0
196 200 -1
197 200 -5.0318
198 200 -1.35422
199 200 -9.35574671e-310
200 200 29.152923
201 200 5.0318
202 200 1.35422
203 200 9.35574671e-310
204 200 -1
197 201 -1
198 201 0
199 201 0
200 201 5.0318
201 201 2
202 201 0
203 201 0
204 201 -4.8077
205 201 -1
206 201 0
207 201 0
208 201 0
197 202 0
198 202 -1
199 202 0
200 202 1.35422
201 202 0
202 202 2
203 202 0
204 202 -1.99734
205 202 0
206 202 -1
207 202 0
208 202 0
197 203 0
198 203 0
199 203 -1
200 203 9.35574671e-310
201 203 0
202 203 0
203 203 2
204 203 0
205 203 0
206 203 0
207 203 -1
208 203 0
197 204 0
198 204 0
199 204 0
200 204 -1
201 204 -4.8077
202 204 -1.99734
203 204 0
204 204 29.1033464
205 204 4.8077
206 204 1.99734
207 204 0
208 204 -1
201 205 -1
202 205 0
203 205 0
204 205 4.8077
205 205 2
206 205 0
207 205 -4.94065646e-324
208 205 -3.9394
209 205 -1
210 205 0
211 205 4.94065646e-324
212 205 0
201 206 0
202 206 -1
203 206 0
204 206 1.99734
205 206 0
206 206 2
207 206 0
208 206 -2.9512
209 206 0
210 206 -1
211 206 0
212 206 0
201 207 0
202 207 0
203 207 -1
204 207 0
205 207 -4.94065646e-324
206 207 0
207 207 2
208 207 4.61854296e-310
209 207 4.94065646e-324
210 207 0
211 207 -1
212 207 0
201 208 0
202 208 0
203 208 0
204 208 -1
205 208 -3.9394
206 208 -2.9512
207 208 4.61854296e-310
208 208 26.2284538
209 208 3.9394
210 208 2.9512
211 208 -4.61854296e-310
212 208 -1
205 209 -1
206 209 0
207 209 4.94065646e-324
208 209 3.9394
209 209 2
210 209 0
211 209 -4.94065646e-324
212 209 -2.6989
213 209 -1
214 209 0
215 209 0
216 209 0
205 210 0
206 210 -1
207 210 0
208 210 2.9512
209 210 0
210 210 2
211 210 0
212 210 -4.2997
213 210 0
214 210 -1
215 210 0
216 210 0
205 211 4.94065646e-324
206 211 0
207 211 -1
208 211 -4.61854296e-310
209 211 -4.94065646e-324
210 211 0
211 211 2
212 211 2.86352722e-314
213 211 0
214 211 0
215 211 -1
216 211 0
205 212 0
206 212 0
207 212 0
208 212 -1
209 212 -2.6989
210 212 -4.2997
211 212 2.86352722e-314
212 212 27.7714813
213 212 2.6989
214 212 4.2997
215 212 -2.86352722e-314
216 212 -1
209 213 -1
210 213 0
211 213 0
212 213 2.6989
213 213 2
214 213 0
215 213 4.94065646e-324
216 213 -0.9363
217 213 -1
218 213 0
219 213 -4.94065646e-324
220 213 0
209 214 0
210 214 -1
211 214 0
212 214 4.2997
213 214 0
214 214 2
215 214 0
216 214 -5.1429
217 214 0
218 214 -1
219 214 0
220 214 0
209 215 0
210 215 0
211 215 -1
212 215 -2.86352722e-314
213 215 4.94065646e-324
214 215 0
215 215 2
216 215 -3.55321003e-309
217 215 -4.94065646e-324
218 215 0
219 215 -1
220 215 0
209 216 0
210 216 0
211 216 0
212 216 -1
213 216 -0.9363
214 216 -5.1429
215 216 -3.55321003e-309
216 216 29.3260781
217 216 0.9363
218 216 5.1429
219 216 3.55321003e-309
220 216 -1
213 217 -1
214 217 0
215 217 -4.94065646e-324
216 217 0.9363
217 217 2
218 217 0
219 217 0
220 217 0.3409
221 217 -1
222 217 0
223 217 4.94065646e-324
224 217 0
213 218 0
214 218 -1
215 218 0
216 218 5.1429
217 218 0
218 218 2
219 218 0
220 218 -5.2699
221 218 0
222 218 -1
223 218 0
224 218 0
213 219 -4.94065646e-324
214 219 0
215 219 -1
216 219 3.55321003e-309
217 219 0
218 219 0
219 219 2
220 219 -2.62231539e-309
221 219 4.94065646e-324
222 219 0
223 219 -1
224 219 0
213 220 0
214 220 0
215 220 0
216 220 -1
217 220 0.3409
218 220 -5.2699
219 220 -2.62231539e-309
220 220 29.8880588
221 220 -0.3409
222 220 5.2699
223 220 2.62231539e-309
224 220 -1
217 221 -1
218 221 0
219 221 4.94065646e-324
220 221 -0.3409
221 221 2
222 221 0
223 221 -4.94065646e-324
224 221 0.7181
225 221 -1
226 221 0
227 221 0
228 221 0
217 222 0
218 222 -1
219 222 0
220 222 5.2699
221 222 0
222 222 2
223 222 0
224 222 -4.8406
225 222 0
226 222 -1
227 222 0
228 222 0
217 223 4.94065646e-324
218 223 0
219 223 -1
220 223 2.62231539e-309
221 223 -4.94065646e-324
222 223 0
223 223 2
224 223 0
225 223 0
226 223 0
227 223 -1
228 223 0
217 224 0
218 224 0
219 224 0
220 224 -1
221 224 0.7181
222 224 -4.8406
223 224 0
224 224 25.947076
225 224 -0.7181
226 224 4.8406
227 224 0
228 224 -1
221 225 -1
222 225 0
223 225 0
224 225 -0.7181
225 225 2
226 225 0
227 225 4.94065646e-324
228 225 0.7957
229 225 -1
230 225 0
231 225 -4.94065646e-324
232 225 0
221 226 0
222 226 -1
223 226 0
224 226 4.8406
225 226 0
226 226 2
227 226 4.94065646e-324
228 226 -5.1082
229 226 0
230 226 -1
231 226 -4.94065646e-324
232 226 0
221 227 0
222 227 0
223 227 -1
224 227 0
225 227 4.94065646e-324
226 227 4.94065646e-324
227 227 2
228 227 -3.86853401e-321
229 227 -4.94065646e-324
230 227 -4.94065646e-324
231 227 -1
232 227 0
221 228 0
222 228 0
223 228 0
224 228 -1
225 228 0.7957
226 228 -5.1082
227 228 -3.86853401e-321
228 228 28.7268457
229 228 -0.7957
230 228 5.1082
231 228 3.86853401e-321
232 228 -1
225 229 -1
226 229 0
227 229 -4.94065646e-324
228 229 -0.7957
229 229 2
230 229 0
231 229 4.94065646e-324
232 229 0.8366
233 229 -1
234 229 0
235 229 0
236 229 0
225 230 0
226 230 -1
227 230 -4.94065646e-324
228 230 5.1082
229 230 0
230 230 2
231 230 4.94065646e-324
232 230 -5.1978
233 230 0
234 230 -1
235 230 0
236 230 0
225 231 -4.94065646e-324
226 231 -4.94065646e-324
227 231 -1
228 231 3.86853401e-321
229 231 4.94065646e-324
230 231 4.94065646e-324
231 231 2
232 231 0
233 231 0
234 231 0
235 231 -1
236 231 0
225 232 0
226 232 0
227 232 0
228 232 -1
229 232 0.8366
230 232 -5.1978
231 232 0
232 232 29.7170244
233 232 -0.8366
234 232 5.1978
235 232 0
236 232 -1
229 233 -1
230 233 0
231 233 0
232 233 -0.8366
233 233 2
234 233 0
235 233 -4.94065646e-324
236 233 0.9101
237 233 -1
238 233 0
239 233 4.94065646e-324
240 233 0
229 234 0
230 234 -1
231 234 0
232 234 5.1978
233 234 0
234 234 2
235 234 4.94065646e-324
236 234 -4.9423
237 234 0
238 234 -1
239 234 -4.94065646e-324
240 234 0
229 235 0
230 235 0
231 235 -1
232 235 0
233 235 -4.94065646e-324
234 235 4.94065646e-324
235 235 2
236 235 -3.41463153e-309
237 235 4.94065646e-324
238 235 -4.94065646e-324
239 235 -1
240 235 0
229 236 0
230 236 0
231 236 0
232 236 -1
233 236 0.9101
234 236 -4.9423
235 236 -3.41463153e-309
236 236 27.2546113
237 236 -0.9101
238 236 4.9423
239 236 3.41463153e-309
240 236 -1
233 237 -1
234 237 0
235 237 4.94065646e-324
236 237 -0.9101
237 237 2
238 237 0
239 237 0
240 237 0.9272
241 237 -1
242 237 0
243 237 -4.94065646e-324
244 237 0
233 238 0
234 238 -1
235 238 -4.94065646e-324
236 238 4.9423
237 238 0
238 238 2
239 238 9.88131292e-324
240 238 -4.9926
241 238 0
242 238 -1
243 238 -4.94065646e-324
244 238 0
233 239 4.94065646e-324
234 239 -4.94065646e-324
235 239 -1
236 239 3.41463153e-309
237 239 0
238 239 9.88131292e-324
239 239 2
240 239 -3.44938376e-309
241 239 -4.94065646e-324
242 239 -4.94065646e-324
243 239 -1
244 239 0
233 240 0
234 240 0
235 240 0
236 240 -1
237 240 0.9272
238 240 -4.9926
239 240 -3.44938376e-309
240 240 27.7857546
241 240 -0.9272
242 240 4.9926
243 240 3.44938376e-309
244 240 -1
237 241 -1
238 241 0
239 241 -4.94065646e-324
240 241 -0.9272
241 241 2
242 241 8.78464599e-17
243 241 1.11022302e-16
244 241 -0.884508644
245 241 -1
246 241 -8.78464599e-17
247 241 -1.11022302e-16
248 241 0
237 242 0
238 242 -1
239 242 -4.94065646e-324
240 242 4.9926
241 242 8.78464599e-17
242 242 2
243 242 -1.46552306e-17
244 242 4.80019315
245 242 -8.78464599e-17
246 242 -1
247 242 1.46552306e-17
248 242 0
237 243 -4.94065646e-324
238 243 -4.94065646e-324
239 243 -1
240 243 3.44938376e-309
241 243 1.11022302e-16
242 243 -1.46552306e-17
243 243 2
244 243 0.30921426
245 243 -1.11022302e-16
246 243 1.46552306e-17
247 243 -1
248 243 0
237 244 0
238 244 0
239 244 0
240 244 -1
241 244 -0.884508644
242 244 4.80019315
243 244 0.30921426
244 244 25.9198233
245 244 0.884508644
246 244 -4.80019315
247 244 -0.30921426
248 244 -1
241 245 -1
242 245 -8.78464599e-17
243 245 -1.11022302e-16
244 245 0.884508644
245 245 2
246 245 8.78464599e-17
247 245 1.11022302e-16
248 245 0.8745
249 245 -1
250 245 0
251 245 -4.94065646e-324
252 245 0
241 246 -8.78464599e-17
242 246 -1
243 246 1.46552306e-17
244 246 -4.80019315
245 246 8.78464599e-17
246 246 2
247 246 -1.46552306e-17
248 246 -4.9603
249 246 0
250 246 -1
251 246 0
252 246 0
241 247 -1.11022302e-16
242 247 1.46552306e-17
243 247 -1
244 247 -0.30921426
245 247 1.11022302e-16
246 247 -1.46552306e-17
247 247 2
248 247 -4.03126106e-309
249 247 -4.94065646e-324
250 247 0
251 247 -1
252 247 0
241 248 0
242 248 0
243 248 0
244 248 -1
245 248 0.8745
246 248 -4.9603
247 248 -4.03126106e-309
248 248 27.3693263
249 248 -0.8745
250 248 4.9603
251 248 4.03126106e-309
252 248 -1
245 249 -1
246 249 0
247 249 -4.94065646e-324
248 249 -0.8745
249 249 2
250 249 0
251 249 4.94065646e-324
252 249 0.7811
253 249 -1
254 249 0
255 249 0
256 249 0
245 250 0
246 250 -1
247 250 0
248 250 4.9603
249 250 0
250 250 2
251 250 0
252 250 -5.0503
253 250 0
254 250 -1
255 250 0
256 250 0
245 251 -4.94065646e-324
246 251 0
247 251 -1
248 251 4.03126106e-309
249 251 4.94065646e-324
250 251 0
251 251 2
252 251 0
253 251 0
254 251 0
255 251 -1
256 251 0
245 252 0
246 252 0
247 252 0
248 252 -1
249 252 0.7811
250 252 -5.0503
251 252 0
252 252 28.1156473
253 252 -0.7811
254 252 5.0503
255 252 0
256 252 -1
249 253 -1
250 253 0
251 253 0
252 253 -0.7811
253 253 2
254 253 0
255 253 0
256 253 0.7462
257 253 -1
258 253 0
259 253 0
260 253 0
249 254 0
250 254 -1
251 254 0
252 254 5.0503
253 254 0
254 254 2
255 254 4.94065646e-324
256 254 -4.9057
257 254 0
258 254 -1
259 254 -4.94065646e-324
260 254 0
249 255 0
250 255 0
251 255 -1
252 255 0
253 255 0
254 255 4.94065646e-324
255 255 2
256 255 -2.53349322e-313
257 255 0
258 255 -4.94065646e-324
259 255 -1
260 255 0
249 256 0
250 256 0
251 256 0
252 256 -1
253 256 0.7462
254 256 -4.9057
255 256 -2.53349322e-313
256 256 26.6227069
257 256 -0.7462
258 256 4.9057
259 256 2.53349322e-313
260 256 -1
253 257 -1
254 257 0
255 257 0
256 257 -0.7462
257 257 2
258 257 1.11022302e-16
259 257 2.77555756e-16
260 257 0.372138163
261 257 -1
262 257 -1.11022302e-16
263 257 -2.77555756e-16
264 257 0
253 258 0
254 258 -1
255 258 -4.94065646e-324
256 258 4.9057
257 258 1.11022302e-16
258 258 2
259 258 1.11022302e-16
260 258 -2.35789173
261 258 -1.11022302e-16
262 258 -1
263 258 -1.11022302e-16
264 258 0
253 259 0
254 259 -4.94065646e-324
255 259 -1
256 259 2.53349322e-313
257 259 2.77555756e-16
258 259 1.11022302e-16
259 259 2
260 259 0.863837668
261 259 -2.77555756e-16
262 259 -1.11022302e-16
263 259 -1
264 259 0
253 260 0
254 260 0
255 260 0
256 260 -1
257 260 0.372138163
258 260 -2.35789173
259 260 0.863837668
260 260 8.44435574
261 260 -0.372138163
262 260 2.35789173
263 260 -0.863837668
264 260 -1
257 261 -1
258 261 -1.11022302e-16
259 261 -2.77555756e-16
260 261 -0.372138163
261 261 2
262 261 1.11022302e-16
263 261 2.77555756e-16
264 261 0.7816
265 261 -1
266 261 0
267 261 0
268 261 0
257 262 -1.11022302e-16
258 262 -1
259 262 -1.11022302e-16
260 262 2.35789173
261 262 1.11022302e-16
262 262 2
263 262 1.11022302e-16
264 262 -5.1077
265 262 0
266 262 -1
267 262 0
268 262 0
257 263 -2.77555756e-16
258 263 -1.11022302e-16
259 263 -1
260 263 -0.863837668
261 263 2.77555756e-16
262 263 1.11022302e-16
263 263 2
264 263 -3.65295761e-310
265 263 0
266 263 0
267 263 -1
268 263 0
257 264 0
258 264 0
259 264 0
260 264 -1
261 264 0.7816
262 264 -5.1077
263 264 -3.65295761e-310
264 264 28.6994978
265 264 -0.7816
266 264 5.1077
267 264 3.65295761e-310
268 264 -1
261 265 -1
262 265 0
263 265 0
264 265 -0.7816
265 265 2
266 265 0
267 265 0
268 265 0.8346
269 265 -1
270 265 0
271 265 0
272 265 0
261 266 0
262 266 -1
263 266 0
264 266 5.1077
265 266 0
266 266 2
267 266 4.94065646e-324
268 266 -5.2103
269 266 0
270 266 -1
271 266 -4.94065646e-324
272 266 0
261 267 0
262 267 0
263 267 -1
264 267 3.65295761e-310
265 267 0
266 267 4.94065646e-324
267 267 2
268 267 -2.82520038e-309
269 267 0
270 267 -4.94065646e-324
271 267 -1
272 267 0
261 268 0
262 268 0
263 268 0
264 268 -1
265 268 0.8346
266 268 -5.2103
267 268 -2.82520038e-309
268 268 29.8437833
269 268 -0.8346
270 268 5.2103
271 268 2.82520038e-309
272 268 -1
265 269 -1
266 269 0
267 269 0
268 269 -0.8346
269 269 2
270 269 0
271 269 -4.94065646e-324
272 269 0.7656
273 269 -1
274 269 0
275 269 4.94065646e-324
276 269 0
265 270 0
266 270 -1
267 270 -4.94065646e-324
268 270 5.2103
269 270 0
270 270 2
271 270 0
272 270 -4.8438
273 270 0
274 270 -1
275 270 4.94065646e-324
276 270 0
265 271 0
266 271 -4.94065646e-324
267 271 -1
268 271 2.82520038e-309
269 271 -4.94065646e-324
270 271 0
271 271 2
272 271 -2.27698614e-309
273 271 4.94065646e-324
274 271 4.94065646e-324
275 271 -1
276 271 0
265 272 0
266 272 0
267 272 0
268 272 -1
269 272 0.7656
270 272 -4.8438
271 272 -2.27698614e-309
272 272 26.0485418
273 272 -0.7656
274 272 4.8438
275 272 2.27698614e-309
276 272 -1
269 273 -1
270 273 0
271 273 4.94065646e-324
272 273 -0.7656
273 273 2
274 273 0
275 273 -4.94065646e-324
276 273 0.859
277 273 -1
278 273 0
279 273 0
280 273 0
269 274 0
270 274 -1
271 274 4.94065646e-324
272 274 4.8438
273 274 0
274 274 2
275 274 -4.94065646e-324
276 274 -5.2383
277 274 0
278 274 -1
279 274 0
280 274 0
269 275 4.94065646e-324
270 275 4.94065646e-324
271 275 -1
272 275 2.27698614e-309
273 275 -4.94065646e-324
274 275 -4.94065646e-324
275 275 2
276 275 0
277 275 0
278 275 0
279 275 -1
280 275 0
269 276 0
270 276 0
271 276 0
272 276 -1
273 276 0.859
274 276 -5.2383
275 276 0
276 276 30.1776679
277 276 -0.859
278 276 5.2383
279 276 0
280 276 -1
273 277 -1
274 277 0
275 277 0
276 277 -0.859
277 277 2
278 277 0
279 277 0
280 277 0.7942
281 277 -1
282 277 0
283 277 0
284 277 0
273 278 0
274 278 -1
275 278 0
276 278 5.2383
277 278 0
278 278 2
279 278 0
280 278 -4.7622
281 278 0
282 278 -1
283 278 0
284 278 0
273 279 0
274 279 0
275 279 -1
276 279 0
277 279 0
278 279 0
279 279 2
280 279 -3.71184643e-310
281 279 0
282 279 0
283 279 -1
284 279 0
273 280 0
274 280 0
275 280 0
276 280 -1
277 280 0.7942
278 280 -4.7622
279 280 -3.71184643e-310
280 280 25.3093025
281 280 -0.7942
282 280 4.7622
283 280 3.71184643e-310
284 280 -1
277 281 -1
278 281 0
279 281 0
280 281 -0.7942
281 281 2
282 281 0
283 281 0
284 281 0.8822
285 281 -1
286 281 0
287 281 0
288 281 0
277 282 0
278 282 -1
279 282 0
280 282 4.7622
281 282 0
282 282 2
283 282 0
284 282 -5.172
285 282 0
286 282 -1
287 282 0
288 282 0
277 283 0
278 283 0
279 283 -1
280 283 3.71184643e-310
281 283 0
282 283 0
283 283 2
284 283 -4.12313137e-310
285 283 0
286 283 0
287 283 -1
288 283 0
277 284 0
278 284 0
279 284 0
280 284 -1
281 284 0.8822
282 284 -5.172
283 284 -4.12313137e-310
284 284 29.5278608
285 284 -0.8822
286 284 5.172
287 284 4.12313137e-310
288 284 -1
9 285 -1
10 285 0
11 285 0
12 285 23.6791
281 285 -1
282 285 0
283 285 0
284 285 -0.8822
285 285 3
286 285 0
287 285 0
288 285 0.7907
289 285 -1
290 285 0
291 285 0
292 285 0
9 286 0
10 286 -1
11 286 0
12 286 107.008887
281 286 0
282 286 -1
283 286 0
284 286 5.172
285 286 0
286 286 3
287 286 0
288 286 -5.076
289 286 0
290 286 -1
291 286 0
292 286 0
9 287 0
10 287 0
11 287 -1
12 287 5.00126624e-308
281 287 0
282 287 0
283 287 -1
284 287 4.12313137e-310
285 287 0
286 287 0
287 287 3
288 287 -5.46293192e-310
289 287 0
290 287 0
291 287 -1
292 287 0
9 288 0
10 288 0
11 288 0
12 288 -1
281 288 0
282 288 0
283 288 0
284 288 -1
285 288 0.7907
286 288 -5.076
287 288 -5.46293192e-310
288 288 29.3909825
289 288 -0.7907
290 288 5.076
291 288 5.46293192e-310
292 288 -1
13 289 -1
14 289 0
15 289 0
16 289 17.575
285 289 -1
286 289 0
287 289 0
288 289 -0.7907
289 289 3
290 289 0
291 289 4.94065646e-324
292 289 0.6762
293 289 -1
294 289 0
295 289 -4.94065646e-324
296 289 0
13 290 0
14 290 -1
15 290 4.94065646e-324
16 290 111.851376
285 290 0
286 290 -1
287 290 0
288 290 5.076
289 290 0
290 290 3
291 290 4.94065646e-324
292 290 -4.876
293 290 0
294 290 -1
295 290 -9.88131292e-324
296 290 0
13 291 0
14 291 4.94065646e-324
15 291 -1
16 291 -8.21401425e-309
285 291 0
286 291 0
287 291 -1
288 291 5.46293192e-310
289 291 4.94065646e-324
290 291 4.94065646e-324
291 291 3
292 291 -2.59492715e-309
293 291 -4.94065646e-324
294 291 -9.88131292e-324
295 291 -1
296 291 0
13 292 0
14 292 0
15 292 0
16 292 -1
285 292 0
286 292 0
287 292 0
288 292 -1
289 292 0.6762
290 292 -4.876
291 292 -2.59492715e-309
292 292 27.2326224
293 292 -0.6762
294 292 4.876
295 292 2.59492715e-309
296 292 -1
289 293 -1
290 293 0
291 293 -4.94065646e-324
292 293 -0.6762
293 293 2
294 293 0
295 293 4.94065646e-324
296 293 0.5952
297 293 -1
298 293 0
299 293 0
300 293 0
289 294 0
290 294 -1
291 294 -9.88131292e-324
292 294 4.876
293 294 0
294 294 2
295 294 9.88131292e-324
296 294 -4.873
297 294 0
298 294 -1
299 294 0
300 294 0
289 295 -4.94065646e-324
290 295 -9.88131292e-324
291 295 -1
292 295 2.59492715e-309
293 295 4.94065646e-324
294 295 9.88131292e-324
295 295 2
296 295 -2.36723101e-32
297 295 0
298 295 0
299 295 -1
300 295 0
289 296 0
290 296 0
291 296 0
292 296 -1
293 296 0.5952
294 296 -4.873
295 296 -2.36723101e-32
296 296 26.100392
297 296 -0.5952
298 296 4.873
299 296 2.36723101e-32
300 296 -1
293 297 -1
294 297 0
295 297 0
296 297 -0.5952
297 297 2
298 297 0
299 297 4.94065646e-324
300 297 0.151
301 297 -1
302 297 0
303 297 -4.94065646e-324
304 297 0
293 298 0
294 298 -1
295 298 0
296 298 4.873
297 298 0
298 298 2
299 298 4.94065646e-324
300 298 -5.337
301 298 0
302 298 -1
303 298 -4.94065646e-324
304 298 0
293 299 0
294 299 0
295 299 -1
296 299 2.36723101e-32
297 299 4.94065646e-324
298 299 4.94065646e-324
299 299 2
300 299 -7.05727574e-311
301 299 -4.94065646e-324
302 299 -4.94065646e-324
303 299 -1
304 299 0
293 300 0
294 300 0
295 300 0
296 300 -1
297 300 0.151
298 300 -5.337
299 300 -7.05727574e-311
300 300 30.50637
301 300 -0.151
302 300 5.337
303 300 7.05727574e-311
304 300 -1
297 301 -1
298 301 0
299 301 -4.94065646e-324
300 301 -0.151
301 301 2
302 301 0
303 301 4.94065646e-324
304 301 -1.2068
305 301 -1
306 301 0
307 301 0
308 301 0
297 302 0
298 302 -1
299 302 -4.94065646e-324
300 302 5.337
301 302 0
302 302 2
303 302 9.88131292e-324
304 302 -4.99
305 302 0
306 302 -1
307 302 -4.94065646e-324
308 302 0
297 303 -4.94065646e-324
298 303 -4.94065646e-324
299 303 -1
300 303 7.05727574e-311
301 303 4.94065646e-324
302 303 9.88131292e-324
303 303 2
304 303 5.64021216e-310
305 303 0
306 303 -4.94065646e-324
307 303 -1
308 303 0
297 304 0
298 304 0
299 304 0
300 304 -1
301 304 -1.2068
302 304 -4.99
303 304 5.64021216e-310
304 304 28.3564662
305 304 1.2068
306 304 4.99
307 304 -5.64021216e-310
308 304 -1
301 305 -1
302 305 0
303 305 0
304 305 1.2068
305 305 2
306 305 0
307 305 0
308 305 -2.6601
309 305 -1
310 305 0
311 305 0
312 305 0
301 306 0
302 306 -1
303 306 -4.94065646e-324
304 306 4.99
305 306 0
306 306 2
307 306 9.88131292e-324
308 306 -4.489
309 306 0
310 306 -1
311 306 -4.94065646e-324
312 306 0
301 307 0
302 307 -4.94065646e-324
303 307 -1
304 307 -5.64021216e-310
305 307 0
306 307 9.88131292e-324
307 307 2
308 307 2.64257849e-307
309 307 0
310 307 -4.94065646e-324
311 307 -1
312 307 0
301 308 0
302 308 0
303 308 0
304 308 -1
305 308 -2.6601
306 308 -4.489
307 308 2.64257849e-307
308 308 29.227253
309 308 2.6601
310 308 4.489
311 308 -2.64257849e-307
312 308 -1
305 309 -1
306 309 0
307 309 0
308 309 2.6601
309 309 2
310 309 0
311 309 0
312 309 -3.0986
313 309 -1
314 309 0
315 309 0
316 309 0
305 310 0
306 310 -1
307 310 -4.94065646e-324
308 310 4.489
309 310 0
310 310 2
311 310 4.94065646e-324
312 310 -4.026
313 310 0
314 310 -1
315 310 0
316 310 0
305 311 0
306 311 -4.94065646e-324
307 311 -1
308 311 -2.64257849e-307
309 311 0
310 311 4.94065646e-324
311 311 2
312 311 -4.33438232e-310
313 311 0
314 311 0
315 311 -1
316 311 0
305 312 0
306 312 0
307 312 0
308 312 -1
309 312 -3.0986
310 312 -4.026
311 312 -4.33438232e-310
312 312 27.809998
313 312 3.0986
314 312 4.026
315 312 4.33438232e-310
316 312 -1
309 313 -1
310 313 0
311 313 0
312 313 3.0986
313 313 2
314 313 0
315 313 0
316 313 -2.4409
317 313 -1
318 313 0
319 313 0
320 313 0
309 314 0
310 314 -1
311 314 0
312 314 4.026
313 314 0
314 314 2
315 314 0
316 314 -4.411
317 314 0
318 314 -1
319 314 0
320 314 0
309 315 0
310 315 0
311 315 -1
312 315 4.33438232e-310
313 315 0
314 315 0
315 315 2
316 315 0
317 315 0
318 315 0
319 315 -1
320 315 0
309 316 0
310 316 0
311 316 0
312 316 -1
313 316 -2.4409
314 316 -4.411
315 316 0
316 316 27.4149138
317 316 2.4409
318 316 4.411
319 316 0
320 316 -1
41 317 -1
42 317 0
43 317 0
44 317 -6.1051
313 317 -1
314 317 0
315 317 0
316 317 2.4409
317 317 3
318 317 0
319 317 0
320 317 -1.0498
321 317 -1
322 317 0
323 317 0
324 317 0
41 318 0
42 318 -1
43 318 0
44 318 155.7009
313 318 0
314 318 -1
315 318 0
316 318 4.411
317 318 0
318 318 3
319 318 0
320 318 -4.958
321 318 0
322 318 -1
323 318 0
324 318 0
41 319 0
42 319 0
43 319 -1
44 319 1.13536285e-320
313 319 0
314 319 0
315 319 -1
316 319 0
317 319 0
318 319 0
319 319 3
320 319 0
321 319 0
322 319 0
323 319 -1
324 319 0
41 320 0
42 320 0
43 320 0
44 320 -1
313 320 0
314 320 0
315 320 0
316 320 -1
317 320 -1.0498
318 320 -4.958
319 320 0
320 320 28.683844
321 320 1.0498
322 320 4.958
323 320 0
324 320 -1
45 321 -1
46 321 0
47 321 4.94065646e-324
48 321 -9.6738
317 321 -1
318 321 0
319 321 0
320 321 1.0498
321 321 3
322 321 0
323 321 -1.48219694e-323
324 321 0.4115
325 321 -1
326 321 0
327 321 9.88131292e-324
328 321 0
45 322 0
46 322 -1
47 322 -9.88131292e-324
48 322 162.7878
317 322 0
318 322 -1
319 322 0
320 322 4.958
321 322 0
322 322 3
323 322 1.48219694e-323
324 322 -4.835
325 322 0
326 322 -1
327 322 -4.94065646e-324
328 322 0
45 323 4.94065646e-324
46 323 -9.88131292e-324
47 323 -1
48 323 1.1915376e-307
317 323 0
318 323 0
319 323 -1
320 323 0
321 323 -1.48219694e-323
322 323 1.48219694e-323
323 323 3
324 323 -1.92322449e-310
325 323 9.88131292e-324
326 323 -4.94065646e-324
327 323 -1
328 323 0
45 324 0
46 324 0
47 324 0
48 324 -1
317 324 0
318 324 0
319 324 0
320 324 -1
321 324 0.4115
322 324 -4.835
323 324 -1.92322449e-310
324 324 26.5465573
325 324 -0.4115
326 324 4.835
327 324 1.92322449e-310
328 324 -1
321 325 -1
322 325 0
323 325 9.88131292e-324
324 325 -0.4115
325 325 2
326 325 0
327 325 -9.88131292e-324
328 325 1.064
329 325 -1
330 325 0
331 325 0
332 325 0
321 326 0
322 326 -1
323 326 -4.94065646e-324
324 326 4.835
325 326 0
326 326 2
327 326 4.94065646e-324
328 326 -5.224
329 326 0
330 326 -1
331 326 0
332 326 0
321 327 9.88131292e-324
322 327 -4.94065646e-324
323 327 -1
324 327 1.92322449e-310
325 327 -9.88131292e-324
326 327 4.94065646e-324
327 327 2
328 327 0
329 327 0
330 327 0
331 327 -1
332 327 0
321 328 0
322 328 0
323 328 0
324 328 -1
325 328 1.064
326 328 -5.224
327 328 0
328 328 30.422272
329 328 -1.064
330 328 5.224
331 328 0
332 328 -1
325 329 -1
326 329 0
327 329 0
328 329 -1.064
329 329 2
330 329 0
331 329 0
332 329 1.0692
333 329 -1
334 329 0
335 329 0
336 329 0
325 330 0
326 330 -1
327 330 0
328 330 5.224
329 330 0
330 330 2
331 330 0
332 330 -4.927
333 330 0
334 330 -1
335 330 0
336 330 0
325 331 0
326 331 0
327 331 -1
328 331 0
329 331 0
330 331 0
331 331 2
332 331 0
333 331 0
334 331 0
335 331 -1
336 331 0
325 332 0
326 332 0
327 332 0
328 332 -1
329 332 1.0692
330 332 -4.927
331 332 0
332 332 27.4185176
333 332 -1.0692
334 332 4.927
335 332 0
336 332 -1
329 333 -1
330 333 0
331 333 0
332 333 -1.0692
333 333 2
334 333 0
335 333 4.94065646e-324
336 333 1.0052
337 333 -1
338 333 0
339 333 -4.94065646e-324
340 333 0
329 334 0
330 334 -1
331 334 0
332 334 4.927
333 334 0
334 334 2
335 334 -4.94065646e-324
336 334 -5.012
337 334 0
338 334 -1
339 334 4.94065646e-324
340 334 0
329 335 0
330 335 0
331 335 -1
332 335 0
333 335 4.94065646e-324
334 335 -4.94065646e-324
335 335 2
336 335 -3.46278613e-309
337 335 -4.94065646e-324
338 335 4.94065646e-324
339 335 -1
340 335 0
329 336 0
330 336 0
331 336 0
332 336 -1
333 336 1.0052
334 336 -5.012
335 336 -3.46278613e-309
336 336 28.130571
337 336 -1.0052
338 336 5.012
339 336 3.46278613e-309
340 336 -1
61 337 -1
62 337 0
63 337 -4.94065646e-324
64 337 -33.3267
333 337 -1
334 337 0
335 337 -4.94065646e-324
336 337 -1.0052
337 337 3
338 337 0
339 337 9.88131292e-324
340 337 0.8347
341 337 -1
342 337 0
343 337 0
344 337 0
61 338 0
62 338 -1
63 338 4.94065646e-324
64 338 182.0769
333 338 0
334 338 -1
335 338 4.94065646e-324
336 338 5.012
337 338 0
338 338 3
339 338 -9.88131292e-324
340 338 -4.887
341 338 0
342 338 -1
343 338 0
344 338 0
61 339 -4.94065646e-324
62 339 4.94065646e-324
63 339 -1
64 339 1.27294411e-311
333 339 -4.94065646e-324
334 339 4.94065646e-324
335 339 -1
336 339 3.46278613e-309
337 339 9.88131292e-324
338 339 -9.88131292e-324
339 339 3
340 339 0
341 339 0
342 339 0
343 339 -1
344 339 0
61 340 0
62 340 0
63 340 0
64 340 -1
333 340 0
334 340 0
335 340 0
336 340 -1
337 340 0.8347
338 340 -4.887
339 340 0
340 340 27.5794931
341 340 -0.8347
342 340 4.887
343 340 0
344 340 -1
337 341 -1
338 341 0
339 341 0
340 341 -0.8347
341 341 2
342 341 0
343 341 0
344 341 0.9141
345 341 -1
346 341 0
347 341 0
348 341 0
337 342 0
338 342 -1
339 342 0
340 342 4.887
341 342 0
342 342 2
343 342 -9.88131292e-324
344 342 -5.12
345 342 0
346 342 -1
347 342 9.88131292e-324
348 342 0
337 343 0
338 343 0
339 343 -1
340 343 0
341 343 0
342 343 -9.88131292e-324
343 343 2
344 343 -2.82015267e-309
345 343 0
346 343 9.88131292e-324
347 343 -1
348 343 0
337 344 0
338 344 0
339 344 0
340 344 -1
341 344 0.9141
342 344 -5.12
343 344 -2.82015267e-309
344 344 29.0499788
345 344 -0.9141
346 344 5.12
347 344 2.82015267e-309
348 344 -1
341 345 -1
342 345 0
343 345 0
344 345 -0.9141
345 345 1
346 345 0
347 345 0
348 345 0
341 346 0
342 346 -1
343 346 9.88131292e-324
344 346 5.12
345 346 0
346 346 1
347 346 -9.88131292e-324
348 346 0
341 347 0
342 347 9.88131292e-324
343 347 -1
344 347 2.82015267e-309
345 347 0
346 347 -9.88131292e-324
347 347 1
348 347 0
341 348 0
342 348 0
343 348 0
344 348 -1
345 348 0
346 348 0
347 348 0
348 348 1
